0
1002
1003003
1001004
3004004
3005
2002006
1005006
4007
5005007
2007007
2003008
5008008
3006009
2004010
6010
9009010
4005011
6006011
3007011
2009011
2005012
1007012
4009012
8010012
8013
3012013
9013013
1010014
6012014
4006015
1008015
9015
11012015
6007016
5010016
8011016
2013016
4014016
1009017
10010017
7014017
8017017
5009018
3010018
11018
13015018
12017018
4008019
7010019
1013019
5015019
16017019
12019019
8009020
1011020
12020
7013020
10015020
14018020
6019020
7009021
10011021
12012021
4017021
6018021
5020021
13021021
6008022
5014022
3015022
9016022
11011023
4013023
14023
2015023
10022023
7008024
2014024
16016024
13017024
9019024
15021024
5013025
9014025
3016025
6017025
8018025
4020025
22024025
19025025
11013026
8014026
15015026
16026
2017026
21022026
7025026
10013027
3014027
11017027
18019027
8021027
9023027
15027027
6013028
14014028
1016028
17028
11019028
21023028
18028028
7015029
12016029
3017029
2018029
19021029
23023029
11024029
25028029
14029029
11014030
5017030
3020030
16021030
7028030
13029030
15016031
1018031
19031
8023031
6024031
11025031
22027031
20028031
9029031
4018032
14019032
2020032
1021032
22022032
26028032
16032032
15017033
7018033
3019033
12022033
1023033
9026033
24028033
8029033
10030033
20033033
18018034
2019034
16020034
21034
17022034
5023034
12027034
13032034
20020035
2021035
4022035
16023035
3024035
10026035
14031035
11033035
28034035
16018036
22036
12024036
23026036
20027036
10028036
17032036
25036036
12023037
18024037
15025037
8028037
26029037
7031037
17035037
14036037
13014038
3021038
1022038
17023038
2025038
4026038
15032038
30037038
7022039
3023039
24039
19026039
6027039
30032039
20037039
17020040
2022040
6023040
5024040
12025040
1026040
9030040
27032040
13035040
29039040
14015041
18022041
1024041
25041
5026041
19030041
13031041
29034041
32035041
28038041
27041041
14021042
20022042
7023042
12026042
1027042
5028042
8032042
15034042
19037042
16038042
31040042
33041042
13022043
19023043
10024043
1025043
20026043
4027043
3028043
15030043
31033043
16037043
14040043
11022044
18023044
24024044
3026044
27044
2028044
17031044
29032044
14033044
30034044
19022045
4024045
10025045
26026045
5027045
9028045
6032045
33037045
31039045
23041045
18042045
38043045
20024046
6026046
16027046
12028046
4029046
22030046
11032046
34040046
17041046
35042046
20023047
2027047
4028047
29047
21031047
7034047
18035047
13036047
32037047
25044047
30045047
21025048
24027048
15028048
20029048
4030048
2031048
10032048
35035048
22037048
18038048
16041048
36043048
19046048
17047048
18026049
7027049
1029049
30049
10031049
23032049
6033049
11034049
25035049
13037049
24038049
21043049
25027050
5029050
8030050
3031050
7032050
21033050
34037050
13044050
38046050
27028051
10029051
1030051
5032051
25033051
19035051
4036051
20044051
23046051
34048051
31051051
23024052
22028052
6029052
12030052
32052
2033052
5035052
31036052
27037052
17042052
34043052
14047052
40051052
24026053
2030053
4031053
9032053
16033053
1034053
15036053
38044053
14045053
39048053
35050053
18052053
26027054
22029054
6030054
12031054
3032054
33054
4034054
9035054
8036054
37037054
25039054
28040054
24047054
44048054
15050054
41052054
23025055
18030055
5031055
32033055
6034055
27035055
19036055
28039055
22047055
14048055
21052055
37053055
26030056
31031056
25032056
4033056
8034056
3036056
6038056
11039056
24042056
35044056
20045056
41049056
40050056
22056056
30030057
12032057
3034057
35057
2036057
11037057
33038057
9039057
44045057
43046057
26048057
20049057
25053057
40057057
27029058
24030058
5033058
34034058
8035058
6036058
21037058
7038058
13042058
19052058
28053058
39058058
26031059
13033059
25034059
1035059
11036059
5037059
12038059
21039059
40041059
16044059
42049059
24051059
43054059
23056059
27057059
30059059
25030060
27033060
9034060
6035060
21036060
37060
31038060
8039060
29042060
41043060
40044060
18046060
22057060
45059060
23030061
31032061
14034061
12035061
1036061
4037061
29038061
2039061
10040061
6042061
45049061
26050061
43051061
25052061
47053061
33061061
7035062
5036062
3037062
38062
13039062
18040062
8043062
44044062
12045062
42047062
21051062
26055062
46059062
23060062
41062062
10034063
15035063
9036063
1037063
8038063
16039063
7040063
3042063
5043063
12044063
41047063
49050063
26051063
27053063
21056063
46058063
48061063
30031064
29035064
33036064
6037064
10038064
34039064
3040064
9041064
7043064
14049064
17050064
42051064
44055064
24062064
23063064
46064064
24034065
7036065
2037065
5038065
15039065
40065
11041065
9043065
19044065
33047065
23050065
45054065
18056065
57058065
22059065
42065065
27030066
24032066
33034066
29036066
9038066
1039066
8040066
2041066
21044066
45045066
26052066
46056066
23058066
49060066
50062066
48065066
30035067
34036067
11038067
5039067
4040067
6041067
9042067
2043067
1044067
10050067
22053067
46054067
47060067
48062067
52063067
26064067
37066067
34038068
4039068
16040068
12041068
42068
32043068
8044068
15045068
1046068
26047068
9048068
36049068
20054068
24055068
28056068
31057068
26034069
20038069
12039069
15040069
3041069
2042069
29043069
7044069
36045069
5046069
19047069
28049069
48050069
18051069
23053069
24060069
62065069
37069069
35036070
9037070
27038070
10039070
21040070
8041070
11042070
43070
13045070
7046070
23048070
14050070
15052070
51055070
47056070
31058070
53059070
26060070
25063070
49067070
19038071
17039071
37040071
4041071
25042071
10044071
2045071
15046071
12047071
48048071
22051071
49053071
54056071
52057071
29062071
32064071
27067071
59068071
61069071
30036072
14039072
40040072
7041072
10042072
6043072
4044072
21045072
25046072
11047072
16051072
50055072
24057072
48064072
52069072
38038073
18039073
11040073
10041073
4042073
35043073
37044073
45073
33046073
3047073
9049073
29053073
52056073
22058073
50060073
30062073
32065073
51067073
27068073
36073073
10037074
33039074
11043074
5044074
3045074
13046074
38047074
7048074
4049074
19050074
17051074
52052074
42054074
25062074
53064074
30065074
32070074
31034075
35039075
42042075
43044075
1045075
46075
6047075
3048075
19049075
41051075
10052075
17053075
11054075
27056075
26058075
28062075
32063075
30069075
55071075
50075075
35038076
39039076
19040076
37041076
12043076
6044076
8045076
3046076
1048076
17049076
4050076
56062076
30063076
51066076
27069076
29070076
26071076
53072076
36075076
52076076
38039077
17043077
11045077
31046077
9047077
12048077
22049077
28050077
10053077
41057077
24061077
33062077
35066077
36071077
36038078
33040078
20041078
15044078
29045078
2046078
1047078
48078
49049078
42050078
16055078
43056078
17057078
54060078
27061078
53062078
32067078
35068078
34070078
31074078
64076078
58077078
51078078
38040079
18043079
39044079
7045079
10046079
5047079
13048079
2049079
1050079
8051079
11052079
20053079
54057079
58059079
21061079
56064079
23068079
55069079
33070079
35074079
21041080
9044080
16045080
14046080
8047080
5049080
36050080
13051080
39052080
43053080
29056080
57062080
35065080
59066080
31067080
38072080
55074080
33075080
32077080
42044081
34045081
9046081
16047081
5048081
3049081
50081
6051081
20052081
41053081
19054081
15057081
40058081
22062081
60063081
25064081
31072081
59073081
55076081
30077081
43081081
36039082
43043082
17045082
8046082
15047082
11048082
16049082
9050082
2051082
5053082
10054082
13055082
42057082
44058082
60061082
29063082
28064082
33068082
56069082
37077082
34080082
39041083
30042083
40045083
21046083
10047083
6048083
18050083
51083
9052083
7053083
2054083
38055083
20058083
28061083
63066083
68069083
60071083
65072083
34073083
31076083
59077083
32082083
36040084
42043084
46046084
33048084
8049084
2050084
7051084
13052084
6053084
14054084
45055084
19056084
47058084
10059084
32060084
24067084
61068084
29074084
57075084
44077084
65081084
62083084
38084084
36044085
37046085
45048085
39049085
11050085
9051085
1052085
21053085
18054085
42055085
16056085
7057085
32058085
19060085
59061085
27064085
28066085
67068085
63080085
38082085
35084085
36041086
39042086
45046086
40047086
12049086
6050086
3052086
53086
7054086
15055086
14057086
8059086
60060086
44061086
43066086
22068086
30071086
58074086
73075086
29081086
33083086
64086086
35045087
44046087
47047087
8048087
15049087
24050087
3051087
7052087
12053087
1055087
14056087
43058087
20059087
11061087
16062087
31063087
57064087
23067087
60068087
36074087
54077087
30079087
37080087
43047088
40048088
46049088
12050088
15051088
38052088
3053088
1054088
20055088
16058088
18059088
14060088
22061088
64066088
34077088
62079088
70080088
33081088
67082088
31085088
63086088
41044089
39046089
20050089
11051089
4052089
40053089
5054089
55089
2056089
25058089
21064089
31066089
59067089
69070089
61072089
37075089
60079089
68080089
35081089
62082089
73087089
47089089
22050090
47051090
8052090
11053090
13054090
2055090
5056090
23057090
15058090
3059090
32062090
64065090
18066090
45067090
30070090
27072090
61076090
39078090
71079090
74083090
34089090
42048091
40049091
16050091
12051091
23054091
4055091
56091
10057091
3058091
14059091
8061091
34062091
63063091
45064091
27065091
28070091
66073091
37078091
38081091
43083091
33085091
39087091
44090091
36042092
47049092
37051092
16052092
19053092
17054092
8055092
48056092
13057092
45058092
32059092
4060092
11062092
12064092
24070092
63074092
68075092
34076092
30078092
69081092
39084092
65088092
35090092
67091092
61092092
44049093
41050093
45051093
13053093
3055093
1056093
29057093
4058093
47059093
15060093
46061093
54062093
67074093
32076093
75078093
66079093
36083093
63084093
65085093
72086093
42088093
68090093
39043094
50051094
53053094
21054094
9055094
13056094
5057094
58094
19059094
33063094
15064094
52065094
47066094
24071094
34072094
25073094
38075094
67076094
42077094
61081094
41082094
40085094
62086094
36090094
68094094
36046095
48049095
50050095
14051095
8053095
17055095
7056095
1057095
18058095
2059095
12060095
41061095
4062095
28063095
13065095
19066095
35069095
54070095
73076095
67079095
71080095
72085095
45089095
75090095
52093095
43050096
38051096
16054096
10056096
4057096
9058096
59096
5060096
18061096
6062096
13063096
17065096
55066096
52068096
67072096
35082096
64084096
36088096
49089096
70093096
47050097
45052097
42053097
54054097
41055097
15056097
6057097
1058097
28059097
2060097
7061097
10062097
4063097
12065097
17067097
64068097
34071097
49072097
74076097
66078097
36081097
40082097
38086097
39088097
37093097
69096097
46047098
50052098
38054098
7055098
9056098
8057098
14058098
17059098
48060098
16061098
1062098
6065098
12067098
37068098
44070098
72078098
30080098
64083098
36089098
69091098
41092098
73093098
39095098
43097098
63098098
49051099
29055099
37056099
2058099
4059099
10060099
61099
19062099
11063099
1064099
8065099
17066099
54072099
26077099
34079099
39081099
74082099
44083099
70086099
75088099
71092099
69099099
51054100
43055100
17056100
16057100
10058100
6059100
1060100
3061100
2062100
14063100
29065100
20066100
25067100
18068100
70070100
9071100
75081100
69084100
41085100
77093100
38095100
47099100
49100100