500.1 0 1686 152 38 417 1 0 0 0
500 -0.1 1685 152 38 417 1 0 0 0
499.8 -0.2 1684 152 38 417 1 0 0 0
499.5 -0.3 1683 152 38 417 1 0 0 0
499.1 -0.4 1682 152 38 417 1 0 0 0
498.6 -0.5 1681 152 38 417 1 0 0 0
498 -0.6 1680 152 38 417 1 0 0 0
497.3 -0.7 1679 152 38 417 1 0 0 0
496.5 -0.8 1678 152 38 417 1 0 0 0
495.6 -0.9 1677 152 38 417 1 0 0 0
494.6 -1 1676 152 38 417 1 0 0 0
493.5 -1.1 1675 152 38 417 1 0 0 0
492.3 -1.2 1674 152 38 417 1 0 0 0
491 -1.3 1673 152 38 417 1 0 0 0
489.6 -1.4 1672 152 38 417 1 0 0 0
488.1 -1.5 1671 152 38 417 1 0 0 0
486.5 -1.6 1670 152 38 417 1 0 0 0
484.8 -1.7 1669 152 38 417 1 0 0 0
483 -1.8 1668 152 38 417 1 0 0 0
481.1 -1.9 1667 152 38 417 1 0 0 0
479.1 -2 1666 152 38 417 1 0 0 0
477 -2.1 1665 152 38 417 1 0 0 0
474.8 -2.2 1664 152 38 417 1 0 0 0
472.5 -2.3 1663 152 38 417 1 0 0 0
470.1 -2.4 1662 152 38 417 1 0 0 0
467.6 -2.5 1661 152 38 417 1 0 0 0
465 -2.6 1660 152 38 417 1 0 0 0
462.3 -2.7 1659 152 38 417 1 0 0 0
459.5 -2.8 1658 152 38 417 1 0 0 0
456.6 -2.9 1657 152 38 417 1 0 0 0
453.6 -3 1656 152 38 417 1 0 0 0
450.5 -3.1 1655 152 38 417 1 0 0 0
447.3 -3.2 1654 152 38 417 1 0 0 0
444 -3.3 1653 152 38 417 1 0 0 0
440.6 -3.4 1652 152 38 417 1 0 0 0
437.1 -3.5 1651 152 38 417 1 0 0 0
433.5 -3.6 1650 152 38 417 1 0 0 0
429.8 -3.7 1649 152 38 417 1 0 0 0
426 -3.8 1648 152 38 417 1 0 0 0
422.1 -3.9 1647 152 38 417 1 0 0 0
418.1 -4 1646 152 38 417 1 0 0 0
414 -4.1 1645 152 38 417 1 0 0 0
409.8 -4.2 1644 152 38 417 1 0 0 0
405.5 -4.3 1643 152 38 417 1 0 0 0
401.1 -4.4 1642 152 38 417 1 0 0 0
396.6 -4.5 1641 152 38 417 1 0 0 0
392 -4.6 1640 152 38 417 1 0 0 0
387.3 -4.7 1639 152 38 417 1 0 0 0
382.5 -4.8 1638 152 38 417 1 0 0 0
377.6 -4.9 1637 152 38 417 1 0 0 0
372.6 -5 1636 152 38 417 1 0 0 0
367.5 -5.1 1635 152 38 417 1 0 0 0
362.3 -5.2 1634 152 38 417 1 0 0 0
357 -5.3 1633 152 38 417 1 0 0 0
351.6 -5.4 1632 152 38 417 1 0 0 0
346.1 -5.5 1631 152 38 417 1 0 0 0
340.5 -5.6 1630 152 38 417 1 0 0 0
334.8 -5.7 1629 152 38 417 1 0 0 0
329 -5.8 1628 152 38 417 1 0 0 0
323.1 -5.9 1627 152 38 417 1 0 0 0
317.1 -5.99999999999999 1626 152 38 417 1 0 0 0
311 -6.09999999999999 1625 152 38 417 1 0 0 0
304.8 -6.19999999999999 1624 152 38 417 1 0 0 0
298.5 -6.29999999999999 1623 152 38 417 1 0 0 0
292.1 -6.39999999999999 1622 152 38 417 1 0 0 0
285.6 -6.49999999999999 1621 152 38 417 1 0 0 0
279 -6.59999999999999 1620 152 38 417 1 0 0 0
272.3 -6.69999999999999 1619 152 38 417 1 0 0 0
265.5 -6.79999999999999 1618 152 38 417 1 0 0 0
258.6 -6.89999999999999 1617 152 38 417 1 0 0 0
251.6 -6.99999999999999 1616 152 38 417 1 0 0 0
244.5 -7.09999999999999 1615 152 38 417 1 0 0 0
237.3 -7.19999999999999 1614 152 38 417 1 0 0 0
230 -7.29999999999999 1613 152 38 417 1 0 0 0
222.6 -7.39999999999999 1612 152 38 417 1 0 0 0
215.1 -7.49999999999999 1611 152 38 417 1 0 0 0
207.5 -7.59999999999999 1610 152 38 417 1 0 0 0
199.8 -7.69999999999999 1609 152 38 417 1 0 0 0
192 -7.79999999999999 1608 152 38 417 1 0 0 0
184.1 -7.89999999999999 1607 152 38 417 1 0 0 0
176.1 -7.99999999999999 1606 152 38 417 1 0 0 0
168 -8.09999999999999 1605 152 38 417 1 0 0 0
159.8 -8.19999999999999 1604 152 38 417 1 0 0 0
151.5 -8.29999999999999 1603 152 38 417 1 0 0 0
143.1 -8.39999999999999 1602 152 38 417 1 0 0 0
144.08 0.980000000000004 1601 152 38 417 1 0 0 1
144.96 0.880000000000004 1600 152 38 417 1 0 0 0
145.74 0.780000000000004 1599 152 38 417 1 0 0 0
146.42 0.680000000000004 1598 152 38 417 1 0 0 0
147 0.580000000000005 1597 152 38 417 1 0 0 0
147.48 0.480000000000005 1596 152 38 417 1 0 0 0
147.86 0.380000000000005 1595 152 38 417 1 0 0 0
151.474 3.614 1594 152 38 417 1 0 0 1
154.988 3.514 1593 152 38 417 1 0 0 0
158.402 3.414 1592 152 38 417 1 0 0 0
162.9262 4.5242 1591 152 38 417 1 0 0 1
167.3504 4.4242 1590 152 38 417 1 0 0 0
171.6746 4.3242 1589 152 38 417 1 0 0 0
176.47186 4.79726 1588 152 38 417 1 0 0 1
181.16912 4.69726 1587 152 38 417 1 0 0 0
186.078298 4.909178 1586 152 38 417 1 0 0 1
190.887476 4.809178 1585 152 38 417 1 0 0 0
195.8302294 4.9427534 1584 152 38 417 1 0 0 1
200.6729828 4.8427534 1583 152 38 417 1 0 0 0
205.62580882 4.95282602 1582 152 38 417 1 0 0 1
210.47863484 4.85282602 1581 152 38 417 1 0 0 0
215.434482646 4.955847806 1580 152 38 417 1 0 0 1
220.290330452 4.855847806 1579 152 38 417 1 0 0 0
225.046178258 4.755847806 1578 152 38 417 1 0 0 0
229.9729325998 4.9267543418 1577 152 38 417 1 0 0 1
234.7996869416 4.8267543418 1576 152 38 417 1 0 0 0
239.74771324414 4.94802630254 1575 152 38 417 1 0 0 1
244.59573954668 4.84802630254 1574 152 38 417 1 0 0 0
249.34376584922 4.74802630254 1573 152 38 417 1 0 0 0
254.268173739982 4.924407890762 1572 152 38 417 1 0 0 1
259.092581630744 4.824407890762 1571 152 38 417 1 0 0 0
264.039903997973 4.9473223672286 1570 152 38 417 1 0 0 1
268.887226365202 4.8473223672286 1569 152 38 417 1 0 0 0
273.84142307537 4.95419671016858 1568 152 38 417 1 0 0 1
278.695619785539 4.85419671016858 1567 152 38 417 1 0 0 0
283.449816495707 4.75419671016858 1566 152 38 417 1 0 0 0
288.376075508758 4.92625901305057 1565 152 38 417 1 0 0 1
293.202334521808 4.82625901305057 1564 152 38 417 1 0 0 0
298.150212225724 4.94787770391517 1563 152 38 417 1 0 0 1
302.998089929639 4.84787770391517 1562 152 38 417 1 0 0 0
307.952453240813 4.95436331117455 1561 152 38 417 1 0 0 1
312.806816551988 4.85436331117455 1560 152 38 417 1 0 0 0
317.76312554534 4.95630899335237 1559 152 38 417 1 0 0 1
322.619434538693 4.85630899335237 1558 152 38 417 1 0 0 0
327.576327236698 4.95689269800571 1557 152 38 417 1 0 0 1
332.433219934704 4.85689269800571 1556 152 38 417 1 0 0 0
337.390287744106 4.95706780940171 1555 152 38 417 1 0 0 1
342.247355553508 4.85706780940171 1554 152 38 417 1 0 0 0
347.004423362909 4.75706780940171 1553 152 38 417 1 0 0 0
351.661491172311 4.65706780940171 1552 152 38 417 1 0 0 0
356.218558981713 4.55706780940171 1551 152 38 417 1 0 0 0
360.675626791114 4.45706780940171 1550 152 38 417 1 0 0 0
365.032694600516 4.35706780940172 1549 152 38 417 1 0 0 0
369.289762409918 4.25706780940172 1548 152 38 417 1 0 0 0
373.44683021932 4.15706780940172 1547 152 38 417 1 0 0 0
377.503898028721 4.05706780940172 1546 152 38 417 1 0 0 0
381.460965838123 3.95706780940172 1545 152 38 417 1 0 0 0
385.318033647525 3.85706780940172 1544 152 38 417 1 0 0 0
389.075101456926 3.75706780940172 1543 152 38 417 1 0 0 0
392.732169266328 3.65706780940172 1542 152 38 417 1 0 0 0
396.28923707573 3.55706780940172 1541 152 38 417 1 0 0 0
399.746304885132 3.45706780940172 1540 152 38 417 1 0 0 0
403.103372694533 3.35706780940172 1539 152 38 417 1 0 0 0
406.360440503935 3.25706780940172 1538 152 38 417 1 0 0 0
409.517508313337 3.15706780940172 1537 152 38 417 1 0 0 0
412.574576122738 3.05706780940172 1536 152 38 417 1 0 0 0
415.53164393214 2.95706780940172 1535 152 38 417 1 0 0 0
418.388711741542 2.85706780940172 1534 152 38 417 1 0 0 0
421.145779550943 2.75706780940172 1533 152 38 417 1 0 0 0
423.802847360345 2.65706780940172 1532 152 38 417 1 0 0 0
426.359915169747 2.55706780940172 1531 152 38 417 1 0 0 0
428.816982979149 2.45706780940171 1530 152 38 417 1 0 0 0
431.17405078855 2.35706780940171 1529 152 38 417 1 0 0 0
433.431118597952 2.25706780940171 1528 152 38 417 1 0 0 0
435.588186407354 2.15706780940171 1527 152 38 417 1 0 0 0
437.645254216755 2.05706780940171 1526 152 38 417 1 0 0 0
439.602322026157 1.95706780940171 1525 152 38 417 1 0 0 0
441.459389835559 1.85706780940171 1524 152 38 417 1 0 0 0
443.216457644961 1.75706780940171 1523 152 38 417 1 0 0 0
444.873525454362 1.65706780940171 1522 152 38 417 1 0 0 0
446.430593263764 1.55706780940171 1521 152 38 417 1 0 0 0
447.887661073166 1.45706780940171 1520 152 38 417 1 0 0 0
449.244728882567 1.35706780940171 1519 152 38 417 1 0 0 0
450.501796691969 1.25706780940171 1518 152 38 417 1 0 0 0
451.658864501371 1.15706780940171 1517 152 38 417 1 0 0 0
452.715932310773 1.05706780940171 1516 152 38 417 1 0 0 0
453.673000120174 0.957067809401714 1515 152 38 417 1 0 0 0
454.530067929576 0.857067809401714 1514 152 38 417 1 0 0 0
455.287135738978 0.757067809401714 1513 152 38 417 1 0 0 0
455.944203548379 0.657067809401714 1512 152 38 417 1 0 0 0
456.501271357781 0.557067809401714 1511 152 38 417 1 0 0 0
456.958339167183 0.457067809401714 1510 152 38 417 1 0 0 0
457.315406976585 0.357067809401714 1509 152 38 417 1 0 0 0
457.572474785986 0.257067809401714 1508 152 38 417 1 0 0 0
457.729542595388 0.157067809401714 1507 152 38 417 1 0 0 0
457.78661040479 0.0570678094017138 1506 152 38 417 1 0 0 0
457.743678214191 -0.0429321905982862 1505 152 38 417 1 0 0 0
457.600746023593 -0.142932190598286 1504 152 38 417 1 0 0 0
457.357813832995 -0.242932190598286 1503 152 38 417 1 0 0 0
457.014881642397 -0.342932190598286 1502 152 38 417 1 0 0 0
456.571949451798 -0.442932190598286 1501 152 38 417 1 0 0 0
456.0290172612 -0.542932190598286 1500 152 38 417 1 0 0 0
455.386085070602 -0.642932190598286 1499 152 38 417 1 0 0 0
454.643152880003 -0.742932190598286 1498 152 38 417 1 0 0 0
453.800220689405 -0.842932190598286 1497 152 38 417 1 0 0 0
452.857288498807 -0.942932190598286 1496 152 38 417 1 0 0 0
451.814356308209 -1.04293219059829 1495 152 38 417 1 0 0 0
450.67142411761 -1.14293219059829 1494 152 38 417 1 0 0 0
449.428491927012 -1.24293219059829 1493 152 38 417 1 0 0 0
448.085559736414 -1.34293219059829 1492 152 38 417 1 0 0 0
446.642627545815 -1.44293219059829 1491 152 38 417 1 0 0 0
445.099695355217 -1.54293219059829 1490 152 38 417 1 0 0 0
443.456763164619 -1.64293219059829 1489 152 38 417 1 0 0 0
441.713830974021 -1.74293219059829 1488 152 38 417 1 0 0 0
439.870898783422 -1.84293219059829 1487 152 38 417 1 0 0 0
437.927966592824 -1.94293219059829 1486 152 38 417 1 0 0 0
435.885034402226 -2.04293219059829 1485 152 38 417 1 0 0 0
433.742102211627 -2.14293219059829 1484 152 38 417 1 0 0 0
431.499170021029 -2.24293219059829 1483 152 38 417 1 0 0 0
429.156237830431 -2.34293219059829 1482 152 38 417 1 0 0 0
426.713305639833 -2.44293219059829 1481 152 38 417 1 0 0 0
424.170373449234 -2.54293219059829 1480 152 38 417 1 0 0 0
421.527441258636 -2.64293219059829 1479 152 38 417 1 0 0 0
418.784509068038 -2.74293219059829 1478 152 38 417 1 0 0 0
415.941576877439 -2.84293219059829 1477 152 38 417 1 0 0 0
412.998644686841 -2.94293219059829 1476 152 38 417 1 0 0 0
409.955712496243 -3.04293219059829 1475 152 38 417 1 0 0 0
406.812780305645 -3.14293219059829 1474 152 38 417 1 0 0 0
403.569848115046 -3.24293219059829 1473 152 38 417 1 0 0 0
400.226915924448 -3.34293219059829 1472 152 38 417 1 0 0 0
396.78398373385 -3.44293219059829 1471 152 38 417 1 0 0 0
393.241051543251 -3.54293219059829 1470 152 38 417 1 0 0 0
389.598119352653 -3.64293219059829 1469 152 38 417 1 0 0 0
385.855187162055 -3.74293219059829 1468 152 38 417 1 0 0 0
382.012254971457 -3.84293219059829 1467 152 38 417 1 0 0 0
378.069322780858 -3.94293219059829 1466 152 38 417 1 0 0 0
374.02639059026 -4.04293219059829 1465 152 38 417 1 0 0 0
369.883458399662 -4.14293219059829 1464 152 38 417 1 0 0 0
365.640526209063 -4.24293219059829 1463 152 38 417 1 0 0 0
361.297594018465 -4.34293219059829 1462 152 38 417 1 0 0 0
356.854661827867 -4.44293219059829 1461 152 38 417 1 0 0 0
352.311729637269 -4.54293219059829 1460 152 38 417 1 0 0 0
347.66879744667 -4.64293219059829 1459 152 38 417 1 0 0 0
342.925865256072 -4.74293219059829 1458 152 38 417 1 0 0 0
338.082933065474 -4.84293219059829 1457 152 38 417 1 0 0 0
333.140000874875 -4.94293219059829 1456 152 38 417 1 0 0 0
335.157121217696 2.01712034282051 1455 152 38 417 1 0 0 1
337.074241560516 1.91712034282051 1454 152 38 417 1 0 0 0
338.891361903337 1.81712034282051 1453 152 38 417 1 0 0 0
340.608482246157 1.71712034282051 1452 152 38 417 1 0 0 0
342.225602588978 1.61712034282051 1451 152 38 417 1 0 0 0
343.742722931798 1.51712034282051 1450 152 38 417 1 0 0 0
345.159843274619 1.41712034282051 1449 152 38 417 1 0 0 0
346.476963617439 1.31712034282051 1448 152 38 417 1 0 0 0
347.69408396026 1.21712034282051 1447 152 38 417 1 0 0 0
348.81120430308 1.11712034282051 1446 152 38 417 1 0 0 0
349.828324645901 1.01712034282051 1445 152 38 417 1 0 0 0
350.745444988721 0.917120342820514 1444 152 38 417 1 0 0 0
351.562565331542 0.817120342820514 1443 152 38 417 1 0 0 0
352.279685674363 0.717120342820514 1442 152 38 417 1 0 0 0
352.896806017183 0.617120342820514 1441 152 38 417 1 0 0 0
353.413926360004 0.517120342820514 1440 152 38 417 1 0 0 0
353.831046702824 0.417120342820514 1439 152 38 417 1 0 0 0
354.148167045645 0.317120342820514 1438 152 38 417 1 0 0 0
354.365287388465 0.217120342820514 1437 152 38 417 1 0 0 0
354.482407731286 0.117120342820514 1436 152 38 417 1 0 0 0
354.499528074106 0.0171203428205137 1435 152 38 417 1 0 0 0
354.416648416927 -0.0828796571794863 1434 152 38 417 1 0 0 0
354.233768759747 -0.182879657179486 1433 152 38 417 1 0 0 0
353.950889102568 -0.282879657179486 1432 152 38 417 1 0 0 0
353.568009445388 -0.382879657179486 1431 152 38 417 1 0 0 0
353.085129788209 -0.482879657179486 1430 152 38 417 1 0 0 0
352.502250131029 -0.582879657179486 1429 152 38 417 1 0 0 0
351.81937047385 -0.682879657179486 1428 152 38 417 1 0 0 0
351.03649081667 -0.782879657179486 1427 152 38 417 1 0 0 0
350.153611159491 -0.882879657179486 1426 152 38 417 1 0 0 0
349.170731502311 -0.982879657179486 1425 152 38 417 1 0 0 0
348.087851845132 -1.08287965717949 1424 152 38 417 1 0 0 0
346.904972187952 -1.18287965717949 1423 152 38 417 1 0 0 0
345.622092530773 -1.28287965717949 1422 152 38 417 1 0 0 0
344.239212873593 -1.38287965717949 1421 152 38 417 1 0 0 0
342.756333216414 -1.48287965717949 1420 152 38 417 1 0 0 0
341.173453559234 -1.58287965717949 1419 152 38 417 1 0 0 0
339.490573902055 -1.68287965717949 1418 152 38 417 1 0 0 0
337.707694244875 -1.78287965717949 1417 152 38 417 1 0 0 0
335.824814587696 -1.88287965717949 1416 152 38 417 1 0 0 0
333.841934930516 -1.98287965717949 1415 152 38 417 1 0 0 0
331.759055273337 -2.08287965717949 1414 152 38 417 1 0 0 0
329.576175616157 -2.18287965717949 1413 152 38 417 1 0 0 0
327.293295958978 -2.28287965717949 1412 152 38 417 1 0 0 0
324.910416301798 -2.38287965717949 1411 152 38 417 1 0 0 0
327.695552404644 2.78513610284615 1410 152 38 417 1 0 0 1
330.380688507491 2.68513610284615 1409 152 38 417 1 0 0 0
332.965824610337 2.58513610284615 1408 152 38 417 1 0 0 0
335.450960713183 2.48513610284615 1407 152 38 417 1 0 0 0
337.836096816029 2.38513610284615 1406 152 38 417 1 0 0 0
340.121232918875 2.28513610284615 1405 152 38 417 1 0 0 0
342.306369021721 2.18513610284615 1404 152 38 417 1 0 0 0
344.391505124568 2.08513610284615 1403 152 38 417 1 0 0 0
346.376641227414 1.98513610284615 1402 152 38 417 1 0 0 0
348.26177733026 1.88513610284615 1401 152 38 417 1 0 0 0
350.046913433106 1.78513610284615 1400 152 38 417 1 0 0 0
351.732049535952 1.68513610284615 1399 152 38 417 1 0 0 0
353.317185638798 1.58513610284615 1398 152 38 417 1 0 0 0
354.802321741644 1.48513610284615 1397 152 38 417 1 0 0 0
356.187457844491 1.38513610284615 1396 152 38 417 1 0 0 0
357.472593947337 1.28513610284615 1395 152 38 417 1 0 0 0
358.657730050183 1.18513610284615 1394 152 38 417 1 0 0 0
359.742866153029 1.08513610284615 1393 152 38 417 1 0 0 0
360.728002255875 0.985136102846152 1392 152 38 417 1 0 0 0
361.613138358721 0.885136102846152 1391 152 38 417 1 0 0 0
362.398274461567 0.785136102846152 1390 152 38 417 1 0 0 0
363.083410564414 0.685136102846152 1389 152 38 417 1 0 0 0
363.66854666726 0.585136102846152 1388 152 38 417 1 0 0 0
364.153682770106 0.485136102846152 1387 152 38 417 1 0 0 0
364.538818872952 0.385136102846153 1386 152 38 417 1 0 0 0
364.823954975798 0.285136102846153 1385 152 38 417 1 0 0 0
365.009091078644 0.185136102846153 1384 152 38 417 1 0 0 0
365.094227181491 0.0851361028461525 1383 152 38 417 1 0 0 0
365.079363284337 -0.0148638971538475 1382 152 38 417 1 0 0 0
364.964499387183 -0.114863897153847 1381 152 38 417 1 0 0 0
364.749635490029 -0.214863897153847 1380 152 38 417 1 0 0 0
364.434771592875 -0.314863897153847 1379 152 38 417 1 0 0 0
364.019907695721 -0.414863897153848 1378 152 38 417 1 0 0 0
363.505043798567 -0.514863897153848 1377 152 38 417 1 0 0 0
362.890179901414 -0.614863897153847 1376 152 38 417 1 0 0 0
362.17531600426 -0.714863897153847 1375 152 38 417 1 0 0 0
361.360452107106 -0.814863897153847 1374 152 38 417 1 0 0 0
360.445588209952 -0.914863897153847 1373 152 38 417 1 0 0 0
359.430724312798 -1.01486389715385 1372 152 38 417 1 0 0 0
358.315860415644 -1.11486389715385 1371 152 38 417 1 0 0 0
357.10099651849 -1.21486389715385 1370 152 38 417 1 0 0 0
355.786132621337 -1.31486389715385 1369 152 38 417 1 0 0 0
354.371268724183 -1.41486389715385 1368 152 38 417 1 0 0 0
352.856404827029 -1.51486389715385 1367 152 38 417 1 0 0 0
351.241540929875 -1.61486389715385 1366 152 38 417 1 0 0 0
349.526677032721 -1.71486389715385 1365 152 38 417 1 0 0 0
347.711813135567 -1.81486389715385 1364 152 38 417 1 0 0 0
345.796949238414 -1.91486389715385 1363 152 38 417 1 0 0 0
343.78208534126 -2.01486389715385 1362 152 38 417 1 0 0 0
341.667221444106 -2.11486389715385 1361 152 38 417 1 0 0 0
339.452357546952 -2.21486389715385 1360 152 38 417 1 0 0 0
337.137493649798 -2.31486389715385 1359 152 38 417 1 0 0 0
334.722629752644 -2.41486389715385 1358 152 38 417 1 0 0 0
332.20776585549 -2.51486389715385 1357 152 38 417 1 0 0 0
329.592901958337 -2.61486389715385 1356 152 38 417 1 0 0 0
326.878038061183 -2.71486389715385 1355 152 38 417 1 0 0 0
324.063174164029 -2.81486389715385 1354 152 38 417 1 0 0 0
321.148310266875 -2.91486389715385 1353 152 38 417 1 0 0 0
318.133446369721 -3.01486389715385 1352 152 38 417 1 0 0 0
315.018582472567 -3.11486389715385 1351 152 38 417 1 0 0 0
311.803718575413 -3.21486389715385 1350 152 38 417 1 0 0 0
308.48885467826 -3.31486389715385 1349 152 38 417 1 0 0 0
305.073990781106 -3.41486389715385 1348 152 38 417 1 0 0 0
301.559126883952 -3.51486389715385 1347 152 38 417 1 0 0 0
297.944262986798 -3.61486389715385 1346 152 38 417 1 0 0 0
294.229399089644 -3.71486389715385 1345 152 38 417 1 0 0 0
290.41453519249 -3.81486389715385 1344 152 38 417 1 0 0 0
286.499671295337 -3.91486389715385 1343 152 38 417 1 0 0 0
282.484807398183 -4.01486389715385 1342 152 38 417 1 0 0 0
278.369943501029 -4.11486389715385 1341 152 38 417 1 0 0 0
274.155079603875 -4.21486389715385 1340 152 38 417 1 0 0 0
269.840215706721 -4.31486389715385 1339 152 38 417 1 0 0 0
265.425351809567 -4.41486389715385 1338 152 38 417 1 0 0 0
260.910487912413 -4.51486389715385 1337 152 38 417 1 0 0 0
256.29562401526 -4.61486389715385 1336 152 38 417 1 0 0 0
251.580760118106 -4.71486389715385 1335 152 38 417 1 0 0 0
246.765896220952 -4.81486389715385 1334 152 38 417 1 0 0 0
241.851032323798 -4.91486389715385 1333 152 38 417 1 0 0 0
236.836168426644 -5.01486389715385 1332 152 38 417 1 0 0 0
231.72130452949 -5.11486389715385 1331 152 38 417 1 0 0 0
226.506440632336 -5.21486389715385 1330 152 38 417 1 0 0 0
221.191576735183 -5.31486389715385 1329 152 38 417 1 0 0 0
215.776712838029 -5.41486389715385 1328 152 38 417 1 0 0 0
210.261848940875 -5.51486389715384 1327 152 38 417 1 0 0 0
204.646985043721 -5.61486389715384 1326 152 38 417 1 0 0 0
198.932121146567 -5.71486389715384 1325 152 38 417 1 0 0 0
193.117257249413 -5.81486389715384 1324 152 38 417 1 0 0 0
187.20239335226 -5.91486389715384 1323 152 38 417 1 0 0 0
181.187529455106 -6.01486389715384 1322 152 38 417 1 0 0 0
175.072665557952 -6.11486389715384 1321 152 38 417 1 0 0 0
176.738206388806 1.66554083085385 1320 152 38 417 1 0 0 1
178.30374721966 1.56554083085385 1319 152 38 417 1 0 0 0
179.769288050513 1.46554083085385 1318 152 38 417 1 0 0 0
181.134828881367 1.36554083085385 1317 152 38 417 1 0 0 0
182.400369712221 1.26554083085385 1316 152 38 417 1 0 0 0
183.565910543075 1.16554083085385 1315 152 38 417 1 0 0 0
184.631451373929 1.06554083085385 1314 152 38 417 1 0 0 0
185.596992204783 0.965540830853847 1313 152 38 417 1 0 0 0
186.462533035636 0.865540830853847 1312 152 38 417 1 0 0 0
187.22807386649 0.765540830853847 1311 152 38 417 1 0 0 0
187.893614697344 0.665540830853847 1310 152 38 417 1 0 0 0
188.459155528198 0.565540830853847 1309 152 38 417 1 0 0 0
188.924696359052 0.465540830853847 1308 152 38 417 1 0 0 0
189.290237189906 0.365540830853847 1307 152 38 417 1 0 0 0
189.55577802076 0.265540830853847 1306 152 38 417 1 0 0 0
189.721318851613 0.165540830853847 1305 152 38 417 1 0 0 0
189.786859682467 0.0655408308538469 1304 152 38 417 1 0 0 0
189.752400513321 -0.0344591691461531 1303 152 38 417 1 0 0 0
189.617941344175 -0.134459169146153 1302 152 38 417 1 0 0 0
189.383482175029 -0.234459169146153 1301 152 38 417 1 0 0 0
189.049023005883 -0.334459169146153 1300 152 38 417 1 0 0 0
188.614563836736 -0.434459169146153 1299 152 38 417 1 0 0 0
188.08010466759 -0.534459169146153 1298 152 38 417 1 0 0 0
187.445645498444 -0.634459169146153 1297 152 38 417 1 0 0 0
186.711186329298 -0.734459169146153 1296 152 38 417 1 0 0 0
185.876727160152 -0.834459169146153 1295 152 38 417 1 0 0 0
184.942267991006 -0.934459169146153 1294 152 38 417 1 0 0 0
183.90780882186 -1.03445916914615 1293 152 38 417 1 0 0 0
182.773349652713 -1.13445916914615 1292 152 38 417 1 0 0 0
181.538890483567 -1.23445916914615 1291 152 38 417 1 0 0 0
180.204431314421 -1.33445916914615 1290 152 38 417 1 0 0 0
178.769972145275 -1.43445916914615 1289 152 38 417 1 0 0 0
177.235512976129 -1.53445916914615 1288 152 38 417 1 0 0 0
175.601053806983 -1.63445916914615 1287 152 38 417 1 0 0 0
178.610716056239 3.00966224925615 1286 152 38 417 1 0 0 1
181.520378305495 2.90966224925615 1285 152 38 417 1 0 0 0
184.330040554751 2.80966224925615 1284 152 38 417 1 0 0 0
187.039702804007 2.70966224925615 1283 152 38 417 1 0 0 0
189.649365053263 2.60966224925615 1282 152 38 417 1 0 0 0
192.15902730252 2.50966224925615 1281 152 38 417 1 0 0 0
194.568689551776 2.40966224925615 1280 152 38 417 1 0 0 0
196.878351801032 2.30966224925615 1279 152 38 417 1 0 0 0
199.088014050288 2.20966224925615 1278 152 38 417 1 0 0 0
201.197676299544 2.10966224925615 1277 152 38 417 1 0 0 0
203.2073385488 2.00966224925615 1276 152 38 417 1 0 0 0
205.117000798057 1.90966224925615 1275 152 38 417 1 0 0 0
206.926663047313 1.80966224925615 1274 152 38 417 1 0 0 0
208.636325296569 1.70966224925615 1273 152 38 417 1 0 0 0
210.245987545825 1.60966224925615 1272 152 38 417 1 0 0 0
211.755649795081 1.50966224925615 1271 152 38 417 1 0 0 0
213.165312044337 1.40966224925615 1270 152 38 417 1 0 0 0
214.474974293593 1.30966224925615 1269 152 38 417 1 0 0 0
215.68463654285 1.20966224925615 1268 152 38 417 1 0 0 0
216.794298792106 1.10966224925615 1267 152 38 417 1 0 0 0
217.803961041362 1.00966224925615 1266 152 38 417 1 0 0 0
218.713623290618 0.909662249256152 1265 152 38 417 1 0 0 0
219.523285539874 0.809662249256152 1264 152 38 417 1 0 0 0
220.23294778913 0.709662249256152 1263 152 38 417 1 0 0 0
220.842610038387 0.609662249256152 1262 152 38 417 1 0 0 0
221.352272287643 0.509662249256152 1261 152 38 417 1 0 0 0
221.761934536899 0.409662249256152 1260 152 38 417 1 0 0 0
222.071596786155 0.309662249256152 1259 152 38 417 1 0 0 0
222.281259035411 0.209662249256152 1258 152 38 417 1 0 0 0
222.390921284667 0.109662249256152 1257 152 38 417 1 0 0 0
222.400583533924 0.00966224925615236 1256 152 38 417 1 0 0 0
225.9034822087 3.50289867477685 1255 152 38 417 1 0 0 1
229.306380883477 3.40289867477685 1254 152 38 417 1 0 0 0
232.609279558254 3.30289867477685 1253 152 38 417 1 0 0 0
235.812178233031 3.20289867477685 1252 152 38 417 1 0 0 0
238.915076907808 3.10289867477685 1251 152 38 417 1 0 0 0
241.917975582585 3.00289867477685 1250 152 38 417 1 0 0 0
244.820874257361 2.90289867477685 1249 152 38 417 1 0 0 0
247.623772932138 2.80289867477685 1248 152 38 417 1 0 0 0
250.326671606915 2.70289867477684 1247 152 38 417 1 0 0 0
252.929570281692 2.60289867477684 1246 152 38 417 1 0 0 0
255.432468956469 2.50289867477684 1245 152 38 417 1 0 0 0
257.835367631246 2.40289867477684 1244 152 38 417 1 0 0 0
260.138266306022 2.30289867477684 1243 152 38 417 1 0 0 0
262.341164980799 2.20289867477684 1242 152 38 417 1 0 0 0
264.444063655576 2.10289867477684 1241 152 38 417 1 0 0 0
266.446962330353 2.00289867477684 1240 152 38 417 1 0 0 0
268.34986100513 1.90289867477684 1239 152 38 417 1 0 0 0
270.152759679907 1.80289867477684 1238 152 38 417 1 0 0 0
271.855658354684 1.70289867477684 1237 152 38 417 1 0 0 0
273.45855702946 1.60289867477684 1236 152 38 417 1 0 0 0
274.961455704237 1.50289867477684 1235 152 38 417 1 0 0 0
276.364354379014 1.40289867477684 1234 152 38 417 1 0 0 0
277.667253053791 1.30289867477684 1233 152 38 417 1 0 0 0
278.870151728568 1.20289867477684 1232 152 38 417 1 0 0 0
279.973050403345 1.10289867477684 1231 152 38 417 1 0 0 0
280.975949078121 1.00289867477684 1230 152 38 417 1 0 0 0
281.878847752898 0.902898674776843 1229 152 38 417 1 0 0 0
282.681746427675 0.802898674776843 1228 152 38 417 1 0 0 0
283.384645102452 0.702898674776843 1227 152 38 417 1 0 0 0
283.987543777229 0.602898674776843 1226 152 38 417 1 0 0 0
284.490442452006 0.502898674776843 1225 152 38 417 1 0 0 0
284.893341126782 0.402898674776843 1224 152 38 417 1 0 0 0
285.196239801559 0.302898674776844 1223 152 38 417 1 0 0 0
285.399138476336 0.202898674776844 1222 152 38 417 1 0 0 0
285.502037151113 0.102898674776844 1221 152 38 417 1 0 0 0
285.50493582589 0.0028986747768435 1220 152 38 417 1 0 0 0
285.407834500667 -0.0971013252231565 1219 152 38 417 1 0 0 0
285.210733175443 -0.197101325223157 1218 152 38 417 1 0 0 0
284.91363185022 -0.297101325223157 1217 152 38 417 1 0 0 0
284.516530524997 -0.397101325223157 1216 152 38 417 1 0 0 0
284.019429199774 -0.497101325223157 1215 152 38 417 1 0 0 0
283.422327874551 -0.597101325223157 1214 152 38 417 1 0 0 0
282.725226549328 -0.697101325223156 1213 152 38 417 1 0 0 0
286.016096151761 3.29086960243305 1212 152 38 417 1 0 0 1
289.206965754194 3.19086960243305 1211 152 38 417 1 0 0 0
292.297835356627 3.09086960243305 1210 152 38 417 1 0 0 0
295.28870495906 2.99086960243305 1209 152 38 417 1 0 0 0
298.179574561493 2.89086960243305 1208 152 38 417 1 0 0 0
300.970444163926 2.79086960243305 1207 152 38 417 1 0 0 0
303.661313766359 2.69086960243305 1206 152 38 417 1 0 0 0
306.252183368792 2.59086960243305 1205 152 38 417 1 0 0 0
308.743052971225 2.49086960243305 1204 152 38 417 1 0 0 0
311.133922573658 2.39086960243305 1203 152 38 417 1 0 0 0
313.424792176091 2.29086960243305 1202 152 38 417 1 0 0 0
315.615661778524 2.19086960243305 1201 152 38 417 1 0 0 0
317.706531380957 2.09086960243305 1200 152 38 417 1 0 0 0
319.69740098339 1.99086960243305 1199 152 38 417 1 0 0 0
321.588270585823 1.89086960243305 1198 152 38 417 1 0 0 0
323.379140188257 1.79086960243305 1197 152 38 417 1 0 0 0
325.07000979069 1.69086960243305 1196 152 38 417 1 0 0 0
326.660879393123 1.59086960243305 1195 152 38 417 1 0 0 0
328.151748995556 1.49086960243305 1194 152 38 417 1 0 0 0
329.542618597989 1.39086960243305 1193 152 38 417 1 0 0 0
330.833488200422 1.29086960243305 1192 152 38 417 1 0 0 0
332.024357802855 1.19086960243305 1191 152 38 417 1 0 0 0
333.115227405288 1.09086960243305 1190 152 38 417 1 0 0 0
334.106097007721 0.990869602433051 1189 152 38 417 1 0 0 0
334.996966610154 0.890869602433051 1188 152 38 417 1 0 0 0
335.787836212587 0.790869602433051 1187 152 38 417 1 0 0 0
336.47870581502 0.690869602433051 1186 152 38 417 1 0 0 0
337.069575417453 0.590869602433051 1185 152 38 417 1 0 0 0
337.560445019886 0.490869602433051 1184 152 38 417 1 0 0 0
337.951314622319 0.390869602433051 1183 152 38 417 1 0 0 0
338.242184224752 0.290869602433051 1182 152 38 417 1 0 0 0
338.433053827185 0.190869602433051 1181 152 38 417 1 0 0 0
338.523923429618 0.0908696024330513 1180 152 38 417 1 0 0 0
338.514793032052 -0.00913039756694875 1179 152 38 417 1 0 0 0
338.405662634485 -0.109130397566949 1178 152 38 417 1 0 0 0
338.196532236918 -0.209130397566949 1177 152 38 417 1 0 0 0
337.887401839351 -0.309130397566949 1176 152 38 417 1 0 0 0
337.478271441784 -0.409130397566949 1175 152 38 417 1 0 0 0
336.969141044217 -0.509130397566949 1174 152 38 417 1 0 0 0
336.36001064665 -0.609130397566949 1173 152 38 417 1 0 0 0
335.650880249083 -0.709130397566949 1172 152 38 417 1 0 0 0
334.841749851516 -0.809130397566949 1171 152 38 417 1 0 0 0
333.932619453949 -0.909130397566949 1170 152 38 417 1 0 0 0
332.923489056382 -1.00913039756695 1169 152 38 417 1 0 0 0
331.814358658815 -1.10913039756695 1168 152 38 417 1 0 0 0
330.605228261248 -1.20913039756695 1167 152 38 417 1 0 0 0
329.296097863681 -1.30913039756695 1166 152 38 417 1 0 0 0
327.886967466114 -1.40913039756695 1165 152 38 417 1 0 0 0
326.377837068547 -1.50913039756695 1164 152 38 417 1 0 0 0
324.76870667098 -1.60913039756695 1163 152 38 417 1 0 0 0
323.059576273413 -1.70913039756695 1162 152 38 417 1 0 0 0
321.250445875846 -1.80913039756695 1161 152 38 417 1 0 0 0
319.34131547828 -1.90913039756695 1160 152 38 417 1 0 0 0
317.332185080713 -2.00913039756695 1159 152 38 417 1 0 0 0
315.223054683146 -2.10913039756695 1158 152 38 417 1 0 0 0
313.013924285579 -2.20913039756695 1157 152 38 417 1 0 0 0
310.704793888012 -2.30913039756695 1156 152 38 417 1 0 0 0
308.295663490445 -2.40913039756695 1155 152 38 417 1 0 0 0
305.786533092878 -2.50913039756695 1154 152 38 417 1 0 0 0
303.177402695311 -2.60913039756695 1153 152 38 417 1 0 0 0
300.468272297744 -2.70913039756695 1152 152 38 417 1 0 0 0
297.659141900177 -2.80913039756695 1151 152 38 417 1 0 0 0
294.75001150261 -2.90913039756695 1150 152 38 417 1 0 0 0
291.740881105043 -3.00913039756695 1149 152 38 417 1 0 0 0
288.631750707476 -3.10913039756695 1148 152 38 417 1 0 0 0
285.422620309909 -3.20913039756695 1147 152 38 417 1 0 0 0
282.113489912342 -3.30913039756695 1146 152 38 417 1 0 0 0
278.704359514775 -3.40913039756695 1145 152 38 417 1 0 0 0
275.195229117208 -3.50913039756695 1144 152 38 417 1 0 0 0
271.586098719641 -3.60913039756695 1143 152 38 417 1 0 0 0
267.876968322075 -3.70913039756695 1142 152 38 417 1 0 0 0
264.067837924508 -3.80913039756695 1141 152 38 417 1 0 0 0
260.158707526941 -3.90913039756695 1140 152 38 417 1 0 0 0
256.149577129374 -4.00913039756695 1139 152 38 417 1 0 0 0
252.040446731807 -4.10913039756695 1138 152 38 417 1 0 0 0
247.83131633424 -4.20913039756695 1137 152 38 417 1 0 0 0
250.06857721497 2.23726088072991 1136 152 38 417 1 0 0 1
252.2058380957 2.13726088072991 1135 152 38 417 1 0 0 0
254.243098976429 2.03726088072991 1134 152 38 417 1 0 0 0
256.180359857159 1.93726088072991 1133 152 38 417 1 0 0 0
258.017620737889 1.83726088072991 1132 152 38 417 1 0 0 0
259.754881618619 1.73726088072991 1131 152 38 417 1 0 0 0
261.392142499349 1.63726088072991 1130 152 38 417 1 0 0 0
262.929403380079 1.53726088072991 1129 152 38 417 1 0 0 0
264.366664260809 1.43726088072991 1128 152 38 417 1 0 0 0
265.703925141539 1.33726088072991 1127 152 38 417 1 0 0 0
266.941186022269 1.23726088072991 1126 152 38 417 1 0 0 0
268.078446902999 1.13726088072991 1125 152 38 417 1 0 0 0
269.115707783729 1.03726088072991 1124 152 38 417 1 0 0 0
270.052968664458 0.937260880729914 1123 152 38 417 1 0 0 0
270.890229545188 0.837260880729914 1122 152 38 417 1 0 0 0
271.627490425918 0.737260880729914 1121 152 38 417 1 0 0 0
272.264751306648 0.637260880729914 1120 152 38 417 1 0 0 0
272.802012187378 0.537260880729914 1119 152 38 417 1 0 0 0
273.239273068108 0.437260880729914 1118 152 38 417 1 0 0 0
273.576533948838 0.337260880729914 1117 152 38 417 1 0 0 0
273.813794829568 0.237260880729914 1116 152 38 417 1 0 0 0
273.951055710298 0.137260880729914 1115 152 38 417 1 0 0 0
273.988316591028 0.0372608807299139 1114 152 38 417 1 0 0 0
273.925577471758 -0.0627391192700861 1113 152 38 417 1 0 0 0
273.762838352488 -0.162739119270086 1112 152 38 417 1 0 0 0
273.500099233217 -0.262739119270086 1111 152 38 417 1 0 0 0
273.137360113947 -0.362739119270086 1110 152 38 417 1 0 0 0
272.674620994677 -0.462739119270086 1109 152 38 417 1 0 0 0
272.111881875407 -0.562739119270086 1108 152 38 417 1 0 0 0
271.449142756137 -0.662739119270086 1107 152 38 417 1 0 0 0
270.686403636867 -0.762739119270086 1106 152 38 417 1 0 0 0
269.823664517597 -0.862739119270086 1105 152 38 417 1 0 0 0
268.860925398327 -0.962739119270086 1104 152 38 417 1 0 0 0
267.798186279057 -1.06273911927009 1103 152 38 417 1 0 0 0
266.635447159787 -1.16273911927009 1102 152 38 417 1 0 0 0
265.372708040517 -1.26273911927009 1101 152 38 417 1 0 0 0
264.009968921246 -1.36273911927009 1100 152 38 417 1 0 0 0
262.547229801976 -1.46273911927009 1099 152 38 417 1 0 0 0
260.984490682706 -1.56273911927009 1098 152 38 417 1 0 0 0
259.321751563436 -1.66273911927009 1097 152 38 417 1 0 0 0
262.322929827655 3.00117826421897 1096 152 38 417 1 0 0 1
265.224108091874 2.90117826421897 1095 152 38 417 1 0 0 0
268.025286356093 2.80117826421897 1094 152 38 417 1 0 0 0
270.726464620312 2.70117826421897 1093 152 38 417 1 0 0 0
273.327642884531 2.60117826421897 1092 152 38 417 1 0 0 0
275.82882114875 2.50117826421897 1091 152 38 417 1 0 0 0
278.229999412969 2.40117826421897 1090 152 38 417 1 0 0 0
280.531177677188 2.30117826421897 1089 152 38 417 1 0 0 0
282.732355941407 2.20117826421897 1088 152 38 417 1 0 0 0
284.833534205626 2.10117826421897 1087 152 38 417 1 0 0 0
286.834712469845 2.00117826421897 1086 152 38 417 1 0 0 0
288.735890734064 1.90117826421897 1085 152 38 417 1 0 0 0
290.537068998283 1.80117826421897 1084 152 38 417 1 0 0 0
292.238247262502 1.70117826421897 1083 152 38 417 1 0 0 0
293.839425526721 1.60117826421897 1082 152 38 417 1 0 0 0
295.34060379094 1.50117826421897 1081 152 38 417 1 0 0 0
296.741782055159 1.40117826421897 1080 152 38 417 1 0 0 0
298.042960319378 1.30117826421897 1079 152 38 417 1 0 0 0
299.244138583597 1.20117826421897 1078 152 38 417 1 0 0 0
300.345316847816 1.10117826421897 1077 152 38 417 1 0 0 0
301.346495112035 1.00117826421897 1076 152 38 417 1 0 0 0
302.247673376254 0.901178264218972 1075 152 38 417 1 0 0 0
303.048851640472 0.801178264218972 1074 152 38 417 1 0 0 0
303.750029904691 0.701178264218972 1073 152 38 417 1 0 0 0
304.35120816891 0.601178264218972 1072 152 38 417 1 0 0 0
304.852386433129 0.501178264218972 1071 152 38 417 1 0 0 0
305.253564697348 0.401178264218973 1070 152 38 417 1 0 0 0
305.554742961567 0.301178264218973 1069 152 38 417 1 0 0 0
305.755921225786 0.201178264218973 1068 152 38 417 1 0 0 0
305.857099490005 0.101178264218973 1067 152 38 417 1 0 0 0
305.858277754224 0.00117826421897252 1066 152 38 417 1 0 0 0
305.759456018443 -0.0988217357810275 1065 152 38 417 1 0 0 0
305.560634282662 -0.198821735781027 1064 152 38 417 1 0 0 0
305.261812546881 -0.298821735781028 1063 152 38 417 1 0 0 0
304.8629908111 -0.398821735781028 1062 152 38 417 1 0 0 0
304.364169075319 -0.498821735781028 1061 152 38 417 1 0 0 0
303.765347339538 -0.598821735781027 1060 152 38 417 1 0 0 0
303.066525603757 -0.698821735781027 1059 152 38 417 1 0 0 0
302.267703867976 -0.798821735781027 1058 152 38 417 1 0 0 0
301.368882132195 -0.898821735781027 1057 152 38 417 1 0 0 0
300.370060396414 -0.998821735781027 1056 152 38 417 1 0 0 0
299.271238660633 -1.09882173578103 1055 152 38 417 1 0 0 0
298.072416924852 -1.19882173578103 1054 152 38 417 1 0 0 0
296.773595189071 -1.29882173578103 1053 152 38 417 1 0 0 0
295.37477345329 -1.39882173578103 1052 152 38 417 1 0 0 0
293.875951717509 -1.49882173578103 1051 152 38 417 1 0 0 0
292.277129981728 -1.59882173578103 1050 152 38 417 1 0 0 0
290.578308245947 -1.69882173578103 1049 152 38 417 1 0 0 0
288.779486510166 -1.79882173578103 1048 152 38 417 1 0 0 0
286.880664774385 -1.89882173578103 1047 152 38 417 1 0 0 0
284.881843038604 -1.99882173578103 1046 152 38 417 1 0 0 0
282.783021302823 -2.09882173578103 1045 152 38 417 1 0 0 0
280.584199567042 -2.19882173578103 1044 152 38 417 1 0 0 0
278.285377831261 -2.29882173578103 1043 152 38 417 1 0 0 0
275.88655609548 -2.39882173578103 1042 152 38 417 1 0 0 0
273.387734359699 -2.49882173578103 1041 152 38 417 1 0 0 0
270.788912623918 -2.59882173578103 1040 152 38 417 1 0 0 0
268.090090888136 -2.69882173578103 1039 152 38 417 1 0 0 0
265.291269152355 -2.79882173578103 1038 152 38 417 1 0 0 0
262.392447416574 -2.89882173578103 1037 152 38 417 1 0 0 0
259.393625680793 -2.99882173578103 1036 152 38 417 1 0 0 0
256.294803945012 -3.09882173578103 1035 152 38 417 1 0 0 0
253.095982209231 -3.19882173578103 1034 152 38 417 1 0 0 0
255.636335688497 2.54035347926569 1033 152 38 417 1 0 0 1
258.076689167763 2.44035347926569 1032 152 38 417 1 0 0 0
260.417042647028 2.34035347926569 1031 152 38 417 1 0 0 0
262.657396126294 2.24035347926569 1030 152 38 417 1 0 0 0
264.79774960556 2.14035347926569 1029 152 38 417 1 0 0 0
266.838103084825 2.04035347926569 1028 152 38 417 1 0 0 0
268.778456564091 1.94035347926569 1027 152 38 417 1 0 0 0
270.618810043357 1.84035347926569 1026 152 38 417 1 0 0 0
272.359163522623 1.74035347926569 1025 152 38 417 1 0 0 0
273.999517001888 1.64035347926569 1024 152 38 417 1 0 0 0
275.539870481154 1.54035347926569 1023 152 38 417 1 0 0 0
276.98022396042 1.44035347926569 1022 152 38 417 1 0 0 0
278.320577439685 1.34035347926569 1021 152 38 417 1 0 0 0
279.560930918951 1.24035347926569 1020 152 38 417 1 0 0 0
280.701284398217 1.14035347926569 1019 152 38 417 1 0 0 0
281.741637877482 1.04035347926569 1018 152 38 417 1 0 0 0
282.681991356748 0.94035347926569 1017 152 38 417 1 0 0 0
283.522344836014 0.84035347926569 1016 152 38 417 1 0 0 0
284.262698315279 0.74035347926569 1015 152 38 417 1 0 0 0
284.903051794545 0.64035347926569 1014 152 38 417 1 0 0 0
285.443405273811 0.54035347926569 1013 152 38 417 1 0 0 0
285.883758753077 0.44035347926569 1012 152 38 417 1 0 0 0
286.224112232342 0.34035347926569 1011 152 38 417 1 0 0 0
286.464465711608 0.24035347926569 1010 152 38 417 1 0 0 0
286.604819190874 0.14035347926569 1009 152 38 417 1 0 0 0
286.645172670139 0.04035347926569 1008 152 38 417 1 0 0 0
286.585526149405 -0.05964652073431 1007 152 38 417 1 0 0 0
286.425879628671 -0.15964652073431 1006 152 38 417 1 0 0 0
286.166233107936 -0.25964652073431 1005 152 38 417 1 0 0 0
285.806586587202 -0.35964652073431 1004 152 38 417 1 0 0 0
285.346940066468 -0.45964652073431 1003 152 38 417 1 0 0 0
284.787293545734 -0.55964652073431 1002 152 38 417 1 0 0 0
284.127647024999 -0.65964652073431 1001 152 38 417 1 0 0 0
283.368000504265 -0.75964652073431 1000 152 38 417 1 0 0 0
282.508353983531 -0.85964652073431 999 152 38 417 1 0 0 0
281.548707462796 -0.95964652073431 998 152 38 417 1 0 0 0
280.489060942062 -1.05964652073431 997 152 38 417 1 0 0 0
279.329414421328 -1.15964652073431 996 152 38 417 1 0 0 0
278.069767900593 -1.25964652073431 995 152 38 417 1 0 0 0
281.191873944373 3.12210604377971 994 152 38 417 1 0 0 1
284.213979988153 3.02210604377971 993 152 38 417 1 0 0 0
287.136086031933 2.92210604377971 992 152 38 417 1 0 0 0
289.958192075712 2.82210604377971 991 152 38 417 1 0 0 0
292.680298119492 2.72210604377971 990 152 38 417 1 0 0 0
295.302404163272 2.62210604377971 989 152 38 417 1 0 0 0
297.824510207051 2.52210604377971 988 152 38 417 1 0 0 0
300.246616250831 2.42210604377971 987 152 38 417 1 0 0 0
302.568722294611 2.32210604377971 986 152 38 417 1 0 0 0
304.79082833839 2.22210604377971 985 152 38 417 1 0 0 0
306.91293438217 2.12210604377971 984 152 38 417 1 0 0 0
308.93504042595 2.02210604377971 983 152 38 417 1 0 0 0
310.85714646973 1.92210604377971 982 152 38 417 1 0 0 0
312.679252513509 1.82210604377971 981 152 38 417 1 0 0 0
314.401358557289 1.72210604377971 980 152 38 417 1 0 0 0
316.023464601069 1.62210604377971 979 152 38 417 1 0 0 0
317.545570644848 1.52210604377971 978 152 38 417 1 0 0 0
318.967676688628 1.42210604377971 977 152 38 417 1 0 0 0
320.289782732408 1.32210604377971 976 152 38 417 1 0 0 0
321.511888776188 1.22210604377971 975 152 38 417 1 0 0 0
322.633994819967 1.12210604377971 974 152 38 417 1 0 0 0
323.656100863747 1.02210604377971 973 152 38 417 1 0 0 0
324.578206907527 0.922106043779705 972 152 38 417 1 0 0 0
325.400312951306 0.822106043779705 971 152 38 417 1 0 0 0
326.122418995086 0.722106043779705 970 152 38 417 1 0 0 0
326.744525038866 0.622106043779705 969 152 38 417 1 0 0 0
327.266631082645 0.522106043779705 968 152 38 417 1 0 0 0
327.688737126425 0.422106043779705 967 152 38 417 1 0 0 0
328.010843170205 0.322106043779705 966 152 38 417 1 0 0 0
328.232949213985 0.222106043779705 965 152 38 417 1 0 0 0
328.355055257764 0500.1 0 1489 191 283 761 1 0 0 0
500 -0.1 1488 191 283 761 1 0 0 0
499.8 -0.2 1487 191 283 761 1 0 0 0
499.5 -0.3 1486 191 283 761 1 0 0 0
499.1 -0.4 1485 191 283 761 1 0 0 0
498.6 -0.5 1484 191 283 761 1 0 0 0
498 -0.6 1483 191 283 761 1 0 0 0
497.3 -0.7 1482 191 283 761 1 0 0 0
496.5 -0.8 1481 191 283 761 1 0 0 0
495.6 -0.9 1480 191 283 761 1 0 0 0
494.6 -1 1479 191 283 761 1 0 0 0
493.5 -1.1 1478 191 283 761 1 0 0 0
492.3 -1.2 1477 191 283 761 1 0 0 0
491 -1.3 1476 191 283 761 1 0 0 0
489.6 -1.4 1475 191 283 761 1 0 0 0
488.1 -1.5 1474 191 283 761 1 0 0 0
486.5 -1.6 1473 191 283 761 1 0 0 0
484.8 -1.7 1472 191 283 761 1 0 0 0
483 -1.8 1471 191 283 761 1 0 0 0
481.1 -1.9 1470 191 283 761 1 0 0 0
479.1 -2 1469 191 283 761 1 0 0 0
477 -2.1 1468 191 283 761 1 0 0 0
474.8 -2.2 1467 191 283 761 1 0 0 0
472.5 -2.3 1466 191 283 761 1 0 0 0
470.1 -2.4 1465 191 283 761 1 0 0 0
467.6 -2.5 1464 191 283 761 1 0 0 0
465 -2.6 1463 191 283 761 1 0 0 0
462.3 -2.7 1462 191 283 761 1 0 0 0
459.5 -2.8 1461 191 283 761 1 0 0 0
456.6 -2.9 1460 191 283 761 1 0 0 0
453.6 -3 1459 191 283 761 1 0 0 0
450.5 -3.1 1458 191 283 761 1 0 0 0
447.3 -3.2 1457 191 283 761 1 0 0 0
444 -3.3 1456 191 283 761 1 0 0 0
440.6 -3.4 1455 191 283 761 1 0 0 0
437.1 -3.5 1454 191 283 761 1 0 0 0
433.5 -3.6 1453 191 283 761 1 0 0 0
429.8 -3.7 1452 191 283 761 1 0 0 0
426 -3.8 1451 191 283 761 1 0 0 0
422.1 -3.9 1450 191 283 761 1 0 0 0
418.1 -4 1449 191 283 761 1 0 0 0
414 -4.1 1448 191 283 761 1 0 0 0
409.8 -4.2 1447 191 283 761 1 0 0 0
405.5 -4.3 1446 191 283 761 1 0 0 0
401.1 -4.4 1445 191 283 761 1 0 0 0
396.6 -4.5 1444 191 283 761 1 0 0 0
392 -4.6 1443 191 283 761 1 0 0 0
387.3 -4.7 1442 191 283 761 1 0 0 0
382.5 -4.8 1441 191 283 761 1 0 0 0
377.6 -4.9 1440 191 283 761 1 0 0 0
372.6 -5 1439 191 283 761 1 0 0 0
367.5 -5.1 1438 191 283 761 1 0 0 0
362.3 -5.2 1437 191 283 761 1 0 0 0
357 -5.3 1436 191 283 761 1 0 0 0
351.6 -5.4 1435 191 283 761 1 0 0 0
346.1 -5.5 1434 191 283 761 1 0 0 0
340.5 -5.6 1433 191 283 761 1 0 0 0
334.8 -5.7 1432 191 283 761 1 0 0 0
329 -5.8 1431 191 283 761 1 0 0 0
323.1 -5.9 1430 191 283 761 1 0 0 0
317.1 -5.99999999999999 1429 191 283 761 1 0 0 0
311 -6.09999999999999 1428 191 283 761 1 0 0 0
304.8 -6.19999999999999 1427 191 283 761 1 0 0 0
298.5 -6.29999999999999 1426 191 283 761 1 0 0 0
292.1 -6.39999999999999 1425 191 283 761 1 0 0 0
285.6 -6.49999999999999 1424 191 283 761 1 0 0 0
279 -6.59999999999999 1423 191 283 761 1 0 0 0
272.3 -6.69999999999999 1422 191 283 761 1 0 0 0
265.5 -6.79999999999999 1421 191 283 761 1 0 0 0
258.6 -6.89999999999999 1420 191 283 761 1 0 0 0
251.6 -6.99999999999999 1419 191 283 761 1 0 0 0
244.5 -7.09999999999999 1418 191 283 761 1 0 0 0
237.3 -7.19999999999999 1417 191 283 761 1 0 0 0
230 -7.29999999999999 1416 191 283 761 1 0 0 0
222.6 -7.39999999999999 1415 191 283 761 1 0 0 0
215.1 -7.49999999999999 1414 191 283 761 1 0 0 0
207.5 -7.59999999999999 1413 191 283 761 1 0 0 0
199.8 -7.69999999999999 1412 191 283 761 1 0 0 0
192 -7.79999999999999 1411 191 283 761 1 0 0 0
184.1 -7.89999999999999 1410 191 283 761 1 0 0 0
176.1 -7.99999999999999 1409 191 283 761 1 0 0 0
168 -8.09999999999999 1408 191 283 761 1 0 0 0
159.8 -8.19999999999999 1407 191 283 761 1 0 0 0
151.5 -8.29999999999999 1406 191 283 761 1 0 0 0
143.1 -8.39999999999999 1405 191 283 761 1 0 0 0
134.6 -8.49999999999999 1404 191 283 761 1 0 0 0
126 -8.59999999999999 1403 191 283 761 1 0 0 0
117.3 -8.69999999999999 1402 191 283 761 1 0 0 0
108.5 -8.79999999999998 1401 191 283 761 1 0 0 0
99.6000000000003 -8.89999999999998 1400 191 283 761 1 0 0 0
90.6000000000003 -8.99999999999998 1399 191 283 761 1 0 0 0
81.5000000000003 -9.09999999999998 1398 191 283 761 1 0 0 0
72.3000000000004 -9.19999999999998 1397 191 283 761 1 0 0 0
63.0000000000004 -9.29999999999998 1396 191 283 761 1 0 0 0
53.6000000000004 -9.39999999999998 1395 191 283 761 1 0 0 0
44.1000000000004 -9.49999999999998 1394 191 283 761 1 0 0 0
34.5000000000004 -9.59999999999998 1393 191 283 761 1 0 0 0
24.8000000000004 -9.69999999999998 1392 191 283 761 1 0 0 0
15.0000000000005 -9.79999999999998 1391 191 283 761 1 0 0 0
5.10000000000048 -9.89999999999998 1390 191 283 761 1 0 0 0
-4.8999999999995 -9.99999999999998 1389 191 283 761 0 1 1 0
-4.8999999999995 -9.99999999999998 1389 191 283 761 0 1 1 0
-4.8999999999995 -9.99999999999998 1389 191 283 761 0 1 1 0
-4.8999999999995 -9.99999999999998 1389 191 283 761 0 1 1 0
-4.8999999999995 -9.99999999999998 1389 191 283 761 0 1 1 0
-4.8999999999995 -9.99999999999998 1389 191 283 761 0 1 1 0
-4.8999999999995 -9.99999999999998 1389 191 283 761 0 1 1 0
-4.8999999999995 -9.99999999999998 1389 191 283 761 0 1 1 0
-4.8999999999995 -9.99999999999998 1389 191 283 761 0 1 1 0
-4.8999999999995 -9.99999999999998 1389 191 283 761 0 1 1 0
-4.8999999999995 -9.99999999999998 1389 191 283 761 0 1 1 0
-4.8999999999995 -9.99999999999998 1389 191 283 761 0 1 1 0
-4.8999999999995 -9.99999999999998 1389 191 283 761 0 1 1 0
-4.8999999999995 -9.99999999999998 1389 191 283 761 0 1 1 0
-4.8999999999995 -9.99999999999998 1389 191 283 761 0 1 1 0
-4.8999999999995 -9.99999999999998 1389 191 283 761 0 1 1 0
-4.8999999999995 -9.99999999999998 1389 191 283 761 0 1 1 0
-4.8999999999995 -9.99999999999998 1389 191 283 761 0 1 1 0
-4.8999999999995 -9.99999999999998 1389 191 283 761 0 1 1 0
-4.8999999999995 -9.99999999999998 1389 191 283 761 0 1 1 0
-4.8999999999995 -9.99999999999998 1389 191 283 761 0 1 1 0
-4.8999999999995 -9.99999999999998 1389 191 283 761 0 1 1 0
-4.8999999999995 -9.99999999999998 1389 191 283 761 0 1 1 0
-4.8999999999995 -9.99999999999998 1389 191 283 761 0 1 1 0
-4.8999999999995 -9.99999999999998 1389 191 283 761 0 1 1 0
-4.8999999999995 -9.99999999999998 1389 191 283 761 0 1 1 0
-4.8999999999995 -9.99999999999998 1389 191 283 761 0 1 1 0
-4.8999999999995 -9.99999999999998 1389 191 283 761 0 1 1 0
-4.8999999999995 -9.99999999999998 1389 191 283 761 0 1 1 0
-4.8999999999995 -9.99999999999998 1389 191 283 761 0 1 1 0
-4.8999999999995 -9.99999999999998 1389 191 283 761 0 1 1 0
-4.8999999999995 -9.99999999999998 1389 191 283 761 0 1 1 0
-4.8999999999995 -9.99999999999998 1389 191 283 761 0 1 1 0
-4.8999999999995 -9.99999999999998 1389 191 283 761 0 1 1 0
-4.8999999999995 -9.99999999999998 1389 191 283 761 0 1 1 0
-4.8999999999995 -9.99999999999998 1389 191 283 761 0 1 1 0
-4.8999999999995 -9.99999999999998 1389 191 283 761 0 1 1 0
-4.8999999999995 -9.99999999999998 1389 191 283 761 0 1 1 0
-4.8999999999995 -9.99999999999998 1389 191 283 761 0 1 1 0
-4.8999999999995 -9.99999999999998 1389 191 283 761 0 1 1 0
-4.8999999999995 -9.99999999999998 1389 191 283 761 0 1 1 0
-4.8999999999995 -9.99999999999998 1389 191 283 761 0 1 1 0
-4.8999999999995 -9.99999999999998 1389 191 283 761 0 1 1 0
-4.8999999999995 -9.99999999999998 1389 191 283 761 0 1 1 0
-4.8999999999995 -9.99999999999998 1389 191 283 761 0 1 1 0
-4.8999999999995 -9.99999999999998 1389 191 283 761 0 1 1 0
-4.8999999999995 -9.99999999999998 1389 191 283 761 0 1 1 0
-4.8999999999995 -9.99999999999998 1389 191 283 761 0 1 1 0
-4.8999999999995 -9.99999999999998 1389 191 283 761 0 1 1 0
-4.8999999999995 -9.99999999999998 1389 191 283 761 0 1 1 0
-4.8999999999995 -9.99999999999998 1389 191 283 761 0 1 1 0
-4.8999999999995 -9.99999999999998 1389 191 283 761 0 1 1 0
-4.8999999999995 -9.99999999999998 1389 191 283 761 0 1 1 0
-4.8999999999995 -9.99999999999998 1389 191 283 761 0 1 1 0
-4.8999999999995 -9.99999999999998 1389 191 283 761 0 1 1 0
-4.8999999999995 -9.99999999999998 1389 191 283 761 0 1 1 0
-4.8999999999995 -9.99999999999998 1389 191 283 761 0 1 1 0
-4.8999999999995 -9.99999999999998 1389 191 283 761 0 1 1 0
-4.8999999999995 -9.99999999999998 1389 191 283 761 0 1 1 0
-4.8999999999995 -9.99999999999998 1389 191 283 761 0 1 1 0
-4.8999999999995 -9.99999999999998 1389 191 283 761 0 1 1 0
-4.8999999999995 -9.99999999999998 1389 191 283 761 0 1 1 0
-4.8999999999995 -9.99999999999998 1389 191 283 761 0 1 1 0
-4.8999999999995 -9.99999999999998 1389 191 283 761 0 1 1 0
-4.8999999999995 -9.99999999999998 1389 191 283 761 0 1 1 0
-4.8999999999995 -9.99999999999998 1389 191 283 761 0 1 1 0
-4.8999999999995 -9.99999999999998 1389 191 283 761 0 1 1 0
-4.8999999999995 -9.99999999999998 1389 191 283 761 0 1 1 0
-4.8999999999995 -9.99999999999998 1389 191 283 761 0 1 1 0
-4.8999999999995 -9.99999999999998 1389 191 283 761 0 1 1 0
-4.8999999999995 -9.99999999999998 1389 191 283 761 0 1 1 0
-4.8999999999995 -9.99999999999998 1389 191 283 761 0 1 1 0
-4.8999999999995 -9.99999999999998 1389 191 283 761 0 1 1 0
-4.8999999999995 -9.99999999999998 1389 191 283 761 0 1 1 0
-4.8999999999995 -9.99999999999998 1389 191 283 761 0 1 1 0
-4.8999999999995 -9.99999999999998 1389 191 283 761 0 1 1 0
-4.8999999999995 -9.99999999999998 1389 191 283 761 0 1 1 0
-4.8999999999995 -9.99999999999998 1389 191 283 761 0 1 1 0
-4.8999999999995 -9.99999999999998 1389 191 283 761 0 1 1 0
-4.8999999999995 -9.99999999999998 1389 191 283 761 0 1 1 0
-4.8999999999995 -9.99999999999998 1389 191 283 761 0 1 1 0
-4.8999999999995 -9.99999999999998 1389 191 283 761 0 1 1 0
-4.8999999999995 -9.99999999999998 1389 191 283 761 0 1 1 0
-4.8999999999995 -9.99999999999998 1389 191 283 761 0 1 1 0
-4.8999999999995 -9.99999999999998 1389 191 283 761 0 1 1 0
-4.8999999999995 -9.99999999999998 1389 191 283 761 0 1 1 0
-4.8999999999995 -9.99999999999998 1389 191 283 761 0 1 1 0
-4.8999999999995 -9.99999999999998 1389 191 283 761 0 1 1 0
-4.8999999999995 -9.99999999999998 1389 191 283 761 0 1 1 0
-4.8999999999995 -9.99999999999998 1389 191 283 761 0 1 1 0
-4.8999999999995 -9.99999999999998 1389 191 283 761 0 1 1 0
-4.8999999999995 -9.99999999999998 1389 191 283 761 0 1 1 0
-4.8999999999995 -9.99999999999998 1389 191 283 761 0 1 1 0
-4.8999999999995 -9.99999999999998 1389 191 283 761 0 1 1 0
-4.8999999999995 -9.99999999999998 1389 191 283 761 0 1 1 0
-4.8999999999995 -9.99999999999998 1389 191 283 761 0 1 1 0
-4.8999999999995 -9.99999999999998 1389 191 283 761 0 1 1 0
-4.8999999999995 -9.99999999999998 1389 191 283 761 0 1 1 0
-4.8999999999995 -9.99999999999998 1389 191 283 761 0 1 1 0
-4.8999999999995 -9.99999999999998 1389 191 283 761 0 1 1 0
-4.8999999999995 -9.99999999999998 1389 191 283 761 0 1 1 0
-4.8999999999995 -9.99999999999998 1389 191 283 761 0 1 1 0
-4.8999999999995 -9.99999999999998 1389 191 283 761 0 1 1 0
-4.8999999999995 -9.99999999999998 1389 191 283 761 0 1 1 0
-4.8999999999995 -9.99999999999998 1389 191 283 761 0 1 1 0
-4.8999999999995 -9.99999999999998 1389 191 283 761 0 1 1 0
-4.8999999999995 -9.99999999999998 1389 191 283 761 0 1 1 0
-4.8999999999995 -9.99999999999998 1389 191 283 761 0 1 1 0
-4.8999999999995 -9.99999999999998 1389 191 283 761 0 1 1 0
-4.8999999999995 -9.99999999999998 1389 191 283 761 0 1 1 0
-4.8999999999995 -9.99999999999998 1389 191 283 761 0 1 1 0
-4.8999999999995 -9.99999999999998 1389 191 283 761 0 1 1 0
-4.8999999999995 -9.99999999999998 1389 191 283 761 0 1 1 0
-4.8999999999995 -9.99999999999998 1389 191 283 761 0 1 1 0
-4.8999999999995 -9.99999999999998 1389 191 283 761 0 1 1 0
-4.8999999999995 -9.99999999999998 1389 191 283 761 0 1 1 0
-4.8999999999995 -9.99999999999998 1389 191 283 761 0 1 1 0
-4.8999999999995 -9.99999999999998 1389 191 283 761 0 1 1 0
-4.8999999999995 -9.99999999999998 1389 191 283 761 0 1 1 0
-4.8999999999995 -9.99999999999998 1389 191 283 761 0 1 1 0
-4.8999999999995 -9.99999999999998 1389 191 283 761 0 1 1 0
-4.8999999999995 -9.99999999999998 1389 191 283 761 0 1 1 0
-4.8999999999995 -9.99999999999998 1389 191 283 761 0 1 1 0
-4.8999999999995 -9.99999999999998 1389 191 283 761 0 1 1 0
-4.8999999999995 -9.99999999999998 1389 191 283 761 0 1 1 0
-4.8999999999995 -9.99999999999998 1389 191 283 761 0 1 1 0
-4.8999999999995 -9.99999999999998 1389 191 283 761 0 1 1 0
-4.8999999999995 -9.99999999999998 1389 191 283 761 0 1 1 0
-4.8999999999995 -9.99999999999998 1389 191 283 761 0 1 1 0
-4.8999999999995 -9.99999999999998 1389 191 283 761 0 1 1 0
-4.8999999999995 -9.99999999999998 1389 191 283 761 0 1 1 0
-4.8999999999995 -9.99999999999998 1389 191 283 761 0 1 1 0
-4.8999999999995 -9.99999999999998 1389 191 283 761 0 1 1 0
-4.8999999999995 -9.99999999999998 1389 191 283 761 0 1 1 0
-4.8999999999995 -9.99999999999998 1389 191 283 761 0 1 1 0
-4.8999999999995 -9.99999999999998 1389 191 283 761 0 1 1 0
-4.8999999999995 -9.99999999999998 1389 191 283 761 0 1 1 0
-4.8999999999995 -9.99999999999998 1389 191 283 761 0 1 1 0
-4.8999999999995 -9.99999999999998 1389 191 283 761 0 1 1 0
-4.8999999999995 -9.99999999999998 1389 191 283 761 0 1 1 0
-4.8999999999995 -9.99999999999998 1389 191 283 761 0 1 1 0
-4.8999999999995 -9.99999999999998 1389 191 283 761 0 1 1 0
-4.8999999999995 -9.99999999999998 1389 191 283 761 0 1 1 0
-4.8999999999995 -9.99999999999998 1389 191 283 761 0 1 1 0
-4.8999999999995 -9.99999999999998 1389 191 283 761 0 1 1 0
-4.8999999999995 -9.99999999999998 1389 191 283 761 0 1 1 0
-4.8999999999995 -9.99999999999998 1389 191 283 761 0 1 1 0
-4.8999999999995 -9.99999999999998 1389 191 283 761 0 1 1 0
-4.8999999999995 -9.99999999999998 1389 191 283 761 0 1 1 0
-4.8999999999995 -9.99999999999998 1389 191 283 761 0 1 1 0
-4.8999999999995 -9.99999999999998 1389 191 283 761 0 1 1 0
-4.8999999999995 -9.99999999999998 1389 191 283 761 0 1 1 0
-4.8999999999995 -9.99999999999998 1389 191 283 761 0 1 1 0
-4.8999999999995 -9.99999999999998 1389 191 283 761 0 1 1 0
-4.8999999999995 -9.99999999999998 1389 191 283 761 0 1 1 0
-4.8999999999995 -9.99999999999998 1389 191 283 761 0 1 1 0
-4.8999999999995 -9.99999999999998 1389 191 283 761 0 1 1 0
-4.8999999999995 -9.99999999999998 1389 191 283 761 0 1 1 0
-4.8999999999995 -9.99999999999998 1389 191 283 761 0 1 1 0
-4.8999999999995 -9.99999999999998 1389 191 283 761 0 1 1 0
-4.8999999999995 -9.99999999999998 1389 191 283 761 0 1 1 0
-4.8999999999995 -9.99999999999998 1389 191 283 761 0 1 1 0
-4.8999999999995 -9.99999999999998 1389 191 283 761 0 1 1 0
-4.8999999999995 -9.99999999999998 1389 191 283 761 0 1 1 0
-4.8999999999995 -9.99999999999998 1389 191 283 761 0 1 1 0
-4.8999999999995 -9.99999999999998 1389 191 283 761 0 1 1 0
-4.8999999999995 -9.99999999999998 1389 191 283 761 0 1 1 0
-4.8999999999995 -9.99999999999998 1389 191 283 761 0 1 1 0
-4.8999999999995 -9.99999999999998 1389 191 283 761 0 1 1 0
-4.8999999999995 -9.99999999999998 1389 191 283 761 0 1 1 0
-4.8999999999995 -9.99999999999998 1389 191 283 761 0 1 1 0
-4.8999999999995 -9.99999999999998 1389 191 283 761 0 1 1 0
-4.8999999999995 -9.99999999999998 1389 191 283 761 0 1 1 0
-4.8999999999995 -9.99999999999998 1389 191 283 761 0 1 1 0
-4.8999999999995 -9.99999999999998 1389 191 283 761 0 1 1 0
-4.8999999999995 -9.99999999999998 1389 191 283 761 0 1 1 0
-4.8999999999995 -9.99999999999998 1389 191 283 761 0 1 1 0
-4.8999999999995 -9.99999999999998 1389 191 283 761 0 1 1 0
-4.8999999999995 -9.99999999999998 1389 191 283 761 0 1 1 0
-4.8999999999995 -9.99999999999998 1389 191 283 761 0 1 1 0
-4.8999999999995 -9.99999999999998 1389 191 283 761 0 1 1 0
-4.8999999999995 -9.99999999999998 1389 191 283 761 0 1 1 0
-4.8999999999995 -9.99999999999998 1389 191 283 761 0 1 1 0
-4.8999999999995 -9.99999999999998 1389 191 283 761 0 1 1 0
-4.8999999999995 -9.99999999999998 1389 191 283 761 0 1 1 0
-4.8999999999995 -9.99999999999998 1389 191 283 761 0 1 1 0
-4.8999999999995 -9.99999999999998 1389 191 283 761 0 1 1 0
-4.8999999999995 -9.99999999999998 1389 191 283 761 0 1 1 0
-4.8999999999995 -9.99999999999998 1389 191 283 761 0 1 1 0
-4.8999999999995 -9.99999999999998 1389 191 283 761 0 1 1 0
RESTART
500 0 1005 165 290 746 1 0 0 R
RESTART
500 0 1214 198 487 977 1 0 0 R
RESTART
255 0 255 0 255 255 255 254 254 R
RESTART
255 0 255 0 255 255 255 254 254 R
RESTART
255 0 255 0 255 255 255 254 254 R
RESTART
255 0 255 0 255 255 255 254 254 R
RESTART
255 0 255 0 255 255 255 254 254 R
255 0 255 0 255 255 255 254 254 1
255 0 255 0 255 255 255 254 254 0
255 0 255 0 255 255 255 254 254 0
255 0 255 0 255 255 255 254 254 1
255 0 255 0 255 255 255 254 254 1
255 0 255 0 255 255 255 254 254 1
255 0 255 0 255 255 255 254 254 1
255 0 255 0 255 255 255 254 254 1
255 0 255 0 255 255 255 254 254 1
255 0 255 0 255 255 255 254 254 1
255 0 255 0 255 255 255 254 254 1
255 0 255 0 255 255 255 254 254 1
255 0 255 0 255 255 255 254 254 1
255 0 255 0 255 255 255 254 254 0
255 0 255 0 255 255 255 254 254 0
255 0 255 0 255 255 255 254 254 0
255 0 255 0 255 255 255 254 254 0
RESTART
255 0 255 0 255 255 255 254 254 R
RESTART
255 0 255 0 255 255 255 254 254 R
RESTART
255 0 255 0 255 255 255 254 254 R
RESTART
255 0 255 0 255 255 255 254 254 R
