50.7000000000
25.1000000000
21.8000000000
30.7000000000
3.6000000000
35.0000000000
7.8000000000
62.1000000000
5.2000000000
5.3000000000
37.2000000000
50.3000000000
66.5000000000
32.1000000000
33.8000000000
46.2000000000
25.5000000000
3.7000000000
10.4000000000
16.4000000000
48.5000000000
19.5000000000
80.7000000000
52.9000000000
35.0000000000
32.9000000000
38.4000000000
40.7000000000
15.4000000000
42.4000000000
103.0000000000
98.1000000000
50.6000000000
100.2000000000
25.4000000000
41.4000000000
69.5000000000
74.6000000000
57.5000000000
40.7000000000
114.8000000000
33.8000000000
50.4000000000
33.6000000000
23.7000000000
58.0000000000
51.2000000000
48.6000000000
65.4000000000
60.1000000000
52.8000000000
49.5000000000
33.4000000000
43.9000000000
89.4000000000
50.5000000000
34.4000000000
55.0000000000
67.8000000000
63.7000000000
33.5000000000
76.8000000000
64.2000000000
80.4000000000
113.3000000000
62.3000000000
48.1000000000
78.0000000000
63.7000000000
97.4000000000
42.0000000000
52.3000000000
52.0000000000
29.5000000000
89.6000000000
49.0000000000
56.7000000000
57.9000000000
86.6000000000
74.7000000000
61.2000000000
84.0000000000
46.4000000000
72.1000000000
122.7000000000
44.2000000000
55.5000000000
113.4000000000
54.0000000000
58.2000000000
38.8000000000
78.9000000000
40.8000000000
27.0000000000
66.6000000000
127.5000000000
57.0000000000
49.2000000000
82.5000000000
44.1000000000
82.2000000000
50.0000000000
103.5000000000
AI: 26148.530 s, Game: 7981.045 s
